start=242.492000
sid=4
sub-delay=-0.200000
sub-pos=104.000000
sub-ass-override=force
