start=74.708333
volume=102.000000
sub-delay=-0.200000
sub-ass-override=scale
