start=2752.667000
volume=102.000000
sub-delay=-0.300000
sub-ass-override=scale
