start=653.598000
volume=64.000000
sub-delay=-0.200000
