start=997.038000
volume=90.000000
sid=4
