start=1978.250000
sub-delay=-0.000000
sub-visibility=no
