start=364.630933
sub-ass-override=scale
video-zoom=0.030000
video-scale-y=1.010000
