start=71.738000
volume=102.000000
sid=4
sub-delay=-0.200000
sub-ass-override=scale
