start=351.283933
volume=0.000000
sub-delay=-0.100000
sub-ass-override=scale
